1240 1496 1784 2104 2456 2840 3256 3704 4184 4696 5240 5816 6424 7064 7736 8440 
1496 1784 2104 2456 2840 3256 3704 4184 4696 5240 5816 6424 7064 7736 8440  680 
1784 2104 2456 2840 3256 3704 4184 4696 5240 5816 6424 7064 7736 8440  680  816 
2104 2456 2840 3256 3704 4184 4696 5240 5816 6424 7064 7736 8440  680  816 282848 
2456 2840 3256 3704 4184 4696 5240 5816 6424 7064 7736 8440  680  816 282848 1136 
2840 3256 3704 4184 4696 5240 5816 6424 7064 7736 8440  680  816 282848 1136 71079180 
3256 3704 4184 4696 5240 5816 6424 7064 7736 8440  680  816 282848 1136 71079180 1657954259 
3704 4184 4696 5240 5816 6424 7064 7736 8440  680  816 282848 1136 71079180 1657954259 160225473 
4184 4696 5240 5816 6424 7064 7736 8440  680  816 282848 1136 71079180 1657954259 160225473 -791627732 
4696 5240 5816 6424 7064 7736 8440  680  816 282848 1136 71079180 1657954259 160225473 -791627732 1406527160 
5240 5816 6424 7064 7736 8440  680  816 282848 1136 71079180 1657954259 160225473 -791627732 1406527160 -109578220 
5816 6424 7064 7736 8440  680  816 282848 1136 71079180 1657954259 160225473 -791627732 1406527160 -109578220 -553783159 
6424 7064 7736 8440  680  816 282848 1136 71079180 1657954259 160225473 -791627732 1406527160 -109578220 -553783159 -1984701728 
7064 7736 8440  680  816 282848 1136 71079180 1657954259 160225473 -791627732 1406527160 -109578220 -553783159 -1984701728 -1695762612 
7736 8440  680  816 282848 1136 71079180 1657954259 160225473 -791627732 1406527160 -109578220 -553783159 -1984701728 -1695762612 886621389 
8440  680  816 282848 1136 71079180 1657954259 160225473 -791627732 1406527160 -109578220 -553783159 -1984701728 -1695762612 886621389 -1446794319 
